4294967294,0
4294967278,132
4294967278,131
4294967278,130
4294967278,129
4294967278,128
4294967278,127
4294967278,126
4294967278,125
4294967278,124
4294967278,123
4294967278,122
4294967278,121
4294967278,120
4294967278,119
4294967278,118
4294967278,117
4294967278,116
4294967278,115
4294967278,114
4294967278,113
4294967278,112
4294967278,111
4294967278,110
4294967278,109
4294967278,108
4294967278,107
4294967278,106
4294967278,105
4294967278,104
4294967278,103
4294967278,102
4294967278,101
4294967278,100
4294967278,99
4294967278,98
4294967278,97
4294967278,96
4294967278,95
4294967278,94
4294967278,93
4294967278,92
4294967278,91
4294967278,90
4294967278,89
4294967278,87
4294967278,86
4294967278,85
4294967278,84
4294967278,83
4294967278,82
4294967278,81
4294967278,80
4294967278,79
4294967278,78
4294967278,77
4294967278,76
4294967278,75
4294967278,74
4294967278,73
4294967278,72
4294967278,71
4294967278,70
4294967278,69
4294967278,68
4294967278,67
4294967278,66
4294967278,65
4294967278,64
4294967278,63
4294967278,62
4294967278,61
4294967278,60
4294967278,59
4294967278,58
4294967278,57
4294967278,56
4294967278,55
4294967278,54
4294967278,53
4294967278,52
4294967278,51
4294967278,50
4294967278,49
4294967278,48
4294967278,47
4294967278,46
4294967278,45
4294967278,44
4294967278,43
4294967278,42
4294967278,41
4294967278,40
4294967278,39
4294967278,38
4294967279,24
4294967279,22
4294967279,19
4294967279,16
4294967279,10
4294967279,9
4294967279,8
4294967279,7
4294967279,6
4294967279,5
4294967279,4
4243767290,0
17,79
17,78
17,77
17,76
17,75
17,74
17,73
17,72
17,71
17,70
17,69
17,68
17,67
17,66
17,65
17,64
17,36
17,35
17,34
17,33
17,32
17,31
17,30
17,29
4294967278,339
4294967279,527
17,28
17,27
4294967278,338
4294967278,337
17,26
17,25
17,24
17,23
17,22
17,21
17,20
17,19
17,18
17,17
17,16
17,15
17,14
17,13
17,12
17,11
17,10
17,9
17,8
17,7
17,6
17,5
23,13
23,12
23,11
23,10
23,9
23,8
23,7
23,6
23,5
23,4
23,3
23,2
23,1
4294967294,437
4294967294,595
22,5
22,4
22,3
22,2
22,1
21,5
21,4
21,3
21,2
21,1
20,5
20,4
20,3
20,2
20,1
19,5
19,4
19,3
19,2
19,1
4294967279,526
18,5
18,4
18,3
18,2
18,1
4294967278,336
17,4
17,3
17,2
17,1
4294967278,335
4294967279,525
4294967278,334
4294967279,524
4294967279,523
4294967278,333
4294967278,332
4294967279,522
4294967278,331
4294967278,330
4294967279,521
4294967279,520
4294967278,329
4294967279,519
4294967279,518
4294967278,328
4294967278,327
4294967279,517
4294967278,326
4294967278,325
4294967279,516
4294967279,515
4294967278,324
4294967279,514
4294967279,513
4294967278,323
16,5
16,4
16,3
16,2
16,1
4294967278,322
15,5
15,4
15,3
15,2
15,1
4294967279,512
14,5
14,4
14,3
14,2
14,1
4294967278,321
13,5
13,4
13,3
13,2
13,1
4294967279,136
12,4
12,3
12,2
12,1
4294967278,320
4294967279,319
4294967278,319
4294967278,318
4294967279,318
4294967279,317
4294967278,317
4294967279,316
4294967279,315
4294967278,316
4294967278,315
4294967279,314
4294967278,314
4294967279,313
4294967278,313
4294967279,312
4294967278,312
11,5
11,4
11,3
11,2
11,1
4294967278,311
10,5
10,4
10,3
10,2
10,1
4294967279,311
9,5
9,4
9,3
9,2
9,1
4294967278,310
8,4
8,3
8,2
8,1
4294967278,309
4294967279,310
4294967278,308
4294967279,309
4294967278,307
4294967278,306
4294967278,305
4294967279,308
4294967278,304
4294967279,307
7,5
7,4
7,3
7,2
7,1
4294967294,1419
4,79
4,78
4,77
4,76
4,75
4,74
4,73
4,72
4,71
4,70
4,69
4,68
4,67
4,66
4,65
4,64
4,36
4,35
4,34
4,33
4,32
4,31
4,30
4,29
4,28
4294967278,303
4,27
4,26
4,25
4294967279,306
4294967279,305
4,24
4,23
4,22
4,21
4,20
4,19
4,18
4,17
4,16
4,15
4,14
4,13
4,12
4,11
4,10
4,9
4,8
4,7
4,6
4,5
6,13
6,12
6,11
6,10
6,9
6,8
6,7
6,6
6,5
6,4
6,3
6,2
6,1
5,5
5,4
5,3
5,2
5,1
4,4
4,3
4,2
4,1
4294967279,304
4294967294,1418
4294967278,302
4294967279,303
